0.00000000000000000000
0.00420168067226902000
0.00840336134453804000
0.01260504201680710000
0.01680672268907610000
0.02100840336134510000
0.02521008403361410000
0.02941176470588310000
0.03361344537815220000
0.03781512605042120000
0.04201680672269020000
0.04621848739495920000
0.05042016806722830000
0.05462184873949730000
0.05882352941176630000
0.06302521008403530000
0.06722689075630430000
0.07142857142857340000
0.07563025210084240000
0.07983193277311150000
0.08403361344538050000
0.08823529411764950000
0.09243697478991850000
0.09663865546218750000
0.10084033613445700000
0.10504201680672600000
0.10924369747899500000
0.11344537815126400000
0.11764705882353300000
0.12184873949580200000
0.12605042016807100000
0.13025210084034000000
0.13445378151260900000
0.13865546218487800000
0.14285714285714700000
0.14705882352941600000
0.15126050420168500000
0.15546218487395400000
0.15966386554622300000
0.16386554621849200000
0.16806722689076100000
0.17226890756303000000
0.17647058823529900000
0.18067226890756800000
0.18487394957983700000
0.18907563025210600000
0.19327731092437500000
0.19747899159664400000
0.20168067226891400000
0.20588235294118200000
0.21008403361345100000
0.21428571428572000000
0.21848739495798900000
0.22268907563025900000
0.22689075630252700000
0.23109243697479700000
0.23529411764706500000
0.23949579831933500000
0.24369747899160300000
0.24789915966387200000
0.25210084033614200000
0.25630252100841000000
0.26050420168068000000
0.26470588235294800000
0.26890756302521800000
0.27310924369748700000
0.27731092436975600000
0.28151260504202500000
0.28571428571429300000
0.28991596638656300000
0.29411764705883100000
0.29840237694589500000
0.30277179757470800000
0.30722758291817600000
0.31177144003647100000
0.31640510973103000000
0.32113036721147100000
0.32594902277569200000
0.33086292250342600000
0.33587394896348400000
0.34098402193499300000
0.34619509914288600000
0.35150917700792100000
0.35692829141154000000
0.36245451847583200000
0.36808997535891800000
0.37383682106606300000
0.37969725727680600000
0.38567352918845500000
0.39176792637624300000
0.39798278367049200000
0.40432048205110700000
0.41078344955976100000
0.41737416223010300000
0.42409514503635100000
0.43094897286063800000
0.43793827147948200000
0.44506571856974400000
0.45233404473447800000
0.45974603454905600000
0.46730452762796400000
0.47501241971269800000
0.48287266378114700000
0.49088827117891600000
0.49906231277300000000
0.50739792012827200000
0.51589828670722000000
0.52456666909339100000
0.53340638823903200000
0.54242083073737600000
0.55161345012008900000
0.56098776818035300000
0.57054737632210200000
0.58029593693593200000
0.59023718480219700000
0.60037492852185400000
0.61071305197556800000
0.62125551581167900000
0.63200635896356500000
0.64296970019700100000
0.65414973968810600000
0.66555076063247500000
0.67717713088611800000
0.68903330463883400000
0.70112382412066100000
0.71345332134205100000
0.72602651986844600000
0.73884823662992900000
0.75192338376664000000
0.76525697051067100000
0.77885410510516000000
0.79271999676131400000
0.80685995765411100000
0.82127940495745800000
0.83598386291957000000
0.85097896497936000000
0.86627045592468800000
0.88186419409323500000
0.89776615361690700000
0.91398242671058800000
0.93051922600613100000
0.94738288693249200000
0.96457987014289600000
0.98211676398998400000
1.00000000000003000000
1.01788323601007000000
1.03542012985716000000
1.05261711306757000000
1.06948077399392000000
1.08601757328947000000
1.10223384638315000000
1.11813580590682000000
1.13372954407536000000
1.14902103502069000000
1.16401613708049000000
1.17872059504260000000
1.19314004234595000000
1.20728000323874000000
1.22114589489490000000
1.23474302948939000000
1.24807661623342000000
1.26115176337012000000
1.27397348013161000000
1.28654667865801000000
1.29887617587940000000
1.31096669536122000000
1.32282286911394000000
1.33444923936758000000
1.34585026031195000000
1.35703029980306000000
1.36799364103649000000
1.37874448418838000000
1.38928694802449000000
1.39962507147821000000
1.40976281519786000000
1.41970406306412000000
1.42945262367795000000
1.43901223181971000000
1.44838654987996000000
1.45757916926268000000
1.46659361176102000000
1.47543333090667000000
1.48410171329284000000
1.49260207987178000000
1.50093768722706000000
1.50911172882114000000
1.51712733621891000000
1.52498758028736000000
1.53269547237209000000
1.54025396545100000000
1.54766595526558000000
1.55493428143032000000
1.56206172852057000000
1.56905102713942000000
1.57590485496371000000
1.58262583776995000000
1.58921655044030000000
1.59567951794895000000
1.60201721632956000000
1.60823207362381000000
1.61432647081160000000
1.62030274272325000000
1.62616317893399000000
1.63191002464113000000
1.63754548152423000000
1.64307170858852000000
1.64849082299213000000
1.65380490085717000000
1.65901597806506000000
1.66412605103658000000
1.66913707749663000000
1.67405097722437000000
1.67886963278859000000
1.68359489026902000000
1.68822855996358000000
1.69277241708188000000
1.69722820242535000000
1.70159762305416000000
1.70588235294123000000
1.71008403361349000000
1.71428571428577000000
1.71848739495803000000
1.72268907563030000000
1.72689075630257000000
1.73109243697484000000
1.73529411764711000000
1.73949579831937000000
1.74369747899165000000
1.74789915966391000000
1.75210084033619000000
1.75630252100845000000
1.76050420168072000000
1.76470588235299000000
1.76890756302526000000
1.77310924369753000000
1.77731092436980000000
1.78151260504207000000
1.78571428571434000000
1.78991596638661000000
1.79411764705887000000
1.79831932773114000000
1.80252100840341000000
1.80672268907568000000
1.81092436974795000000
1.81512605042022000000
1.81932773109249000000
1.82352941176476000000
1.82773109243703000000
1.83193277310930000000
1.83613445378156000000
1.84033613445383000000
1.84453781512610000000
1.84873949579837000000
1.85294117647064000000
1.85714285714291000000
1.86134453781518000000
1.86554621848745000000
1.86974789915972000000
1.87394957983198000000
1.87815126050426000000
1.88235294117652000000
1.88655462184880000000
1.89075630252106000000
1.89495798319333000000
1.89915966386560000000
1.90336134453787000000
1.90756302521014000000
1.91176470588240000000
1.91596638655468000000
1.92016806722694000000
1.92436974789922000000
1.92857142857148000000
1.93277310924376000000
1.93697478991602000000
1.94117647058829000000
1.94537815126056000000
1.94957983193282000000
1.95378151260509000000
1.95798319327735000000
1.96218487394962000000
1.96638655462188000000
1.97058823529415000000
1.97478991596641000000
1.97899159663868000000
1.98319327731094000000
1.98739495798321000000
1.99159663865547000000
1.99579831932774000000
2.00000000000000000000