-0.163601534206346
-0.16178672050955223
-0.1599719068127585
-0.15815709311596474
-0.156342279419171
-0.15452746572237724
-0.1527126520255835
-0.15089783832878975
-0.14908302463199602
-0.14726821093520226
-0.1454533972384085
-0.14363858354161477
-0.141823769844821
-0.14000895614802727
-0.13819414245123351
-0.1363793287544398
-0.13456451505764605
-0.1327497013608523
-0.13093488766405853
-0.12912007396726483
-0.12730526027047107
-0.1254904465736773
-0.12367563287688357
-0.12186081918008981
-0.12004600548329608
-0.11823119178650232
-0.11641637808970856
-0.11460156439291483
-0.11278675069612108
-0.11097193699932734
-0.10915712330253358
-0.10734230960573984
-0.10552749590894608
-0.10371268221215235
-0.10189786851535859
-0.10008305481856485
-0.0982682411217711
-0.09645342742497735
-0.09463861372818361
-0.09282380003138986
-0.09100898633459613
-0.08919417263780238
-0.08737935894100861
-0.08556454524421486
-0.08374973154742113
-0.08193491785062738
-0.08012010415383362
-0.07830529045703989
-0.07649047676024615
-0.07467566306345239
-0.07286084936665865
-0.0710460356698649
-0.06923122197307113
-0.0674164082762774
-0.06560159457948365
-0.06378678088268991
-0.061971967185896176
-0.060157153489102416
-0.05834233979230867
-0.05652752609551494
-0.054712712398721164
-0.05289789870192742
-0.051083085005133685
-0.04926827130833994
-0.04745345761154618
-0.04563864391475245
-0.0438238302179587
-0.04200901652116494
-0.04019420282437121
-0.03837938912757746
-0.0365645754307837
-0.03474976173398997
-0.03293494803719621
-0.031120134340402478
-0.029305320643608718
-0.027490506946814958
-0.025675693250021225
-0.023860879553227465
-0.022046065856433733
-0.020231252159639973
-0.01841643846284627
-0.01660162476605251
-0.014786811069258776
-0.012971997372465016
-0.011157183675671228
-0.009342369978877496
-0.007527556282083736
-0.0057127425852900315
-0.0038979288884962715
-0.0020831151917025392
-0.0002683014949087792
0.0015465122018849808
0.003361325898678741
0.005176139595472473
0.006990953292266205
0.008805766989059965
0.010620580685853698
0.012435394382647458
0.014250208079441218
0.01606502177623495
0.017879835473028682
0.019694649169822442
0.021509462866616202
0.023324276563409935
0.025139090260203723
0.0269539039569974
0.028768717653791187
0.03058353135058492
0.03239834504737868
0.03421315874417241
0.03602797244096617
0.037842786137759904
0.039657599834553636
0.041472413531347424
0.043287227228141156
0.045102040924934916
0.04691685462172865
0.04873166831852238
0.05054648201531611
0.05236129571210987
0.05417610940890366
0.05599092310569739
0.05780573680249115
0.05962055049928486
0.06143536419607862
0.06325017789287235
0.06506499158966611
0.06687980528645987
0.06869461898325363
0.07050943268004736
0.0723242463768411
0.07413906007363485
0.07595387377042859
0.07776868746722235
0.07958350116401611
0.08139831486080984
0.08321312855760357
0.08502794225439733
0.08684275595119106
0.08865756964798488
0.09047238334477858
0.09228719704157229
0.09410201073836605
0.09591682443515981
0.09773163813195357
0.09954645182874733
0.10136126552554103
0.1031760792223348
0.10499089291912855
0.10680570661592226
0.10862052031271607
0.11043533400950978
0.11225014770630354
0.1140649614030973
0.11587977509989106
0.11769458879668476
0.11950940249347852
0.12132421619027228
0.12313902988706604
0.12495384358385975
0.12676865728065345
0.12858347097744727
0.13039828467424097
0.13221309837103473
0.13402791206782844
0.13584272576462225
0.13765753946141596
0.13947235315820972
0.14128716685500353
0.14310198055179724
0.144916794248591
0.1467316079453847
0.14854642164217852
0.15036123533897228
0.15217604903576593
0.15399086273255974
0.15580567642935345
0.1576204901261472
0.1594353038229409
0.16125011751973473
0.16306493121652843
0.1648797449133222
0.1667074866462392
0.16854824850964617
0.17040212325395454
0.17226920429029446
0.17414958569522054
0.17604336221545325
0.17795062927265182
0.17987148296822314
0.18180602008816354
0.1837543381079353
0.18571653519737902
0.18769271022565914
0.1896829627662463
0.1916873931019341
0.19370610222989249
0.19573919186675642
0.1977867644537511
0.1998489231618537
0.20192577189699168
0.20401741530527873
0.20612395877828704
0.2082455084583581
0.21038217124395042
0.2125340547950264
0.21470126753847657
0.21688391867358292
0.21908211817752127
0.22129597681090263
0.22352560612335415
0.2257711184591395
0.22803262696282
0.23031024558495516
0.23260408908784497
0.2349142730513113
0.23724091387852286
0.23958412880185959
0.24194403588882019
0.24432075404797043
0.24671440303493553
0.24912510345843353
0.25155297678635263
0.253998145351872
0.256460732359625
0.2589408618919078
0.261438658914931
0.2639542492851167
0.26648775975543965
0.26903931798181435
0.2716090525295268
0.27419709287971294
0.27680356943588247
0.27942861353048987
0.28207235743155135
0.2847349343493097
0.28741647844294654
0.290117124827342
0.2928370095798824
0.2955762697473175
0.2983350433526655
0.30111346940216716
0.3039116878922909
0.30672983981678587
0.30956806717378677
0.3124265129729683
0.3153053212427514
0.3182046370375601
0.3211246064451303
0.32406537659387114
0.32702709566027793
0.33000991287639847
0.3330139785373523
0.33603944400890384
0.3390864617350889
0.34215518524589655
0.3452457691650039
0.3483583692175682
0.3514931422380731
0.3546502461782303
0.3578298401149395
0.36103208425830285
0.36425713995969783
0.3675051697199068
0.37077633719730635
0.37407080721611147
0.377388745774682
0.38073032005388646
0.38409569842552566
0.3874850504608162
0.3908985469389354
0.3943363598556254
0.3977986624318604
0.4012856291225741
0.4047974356254503
0.4083342588897754
0.411896277125355
0.4154836698114925
0.4190966177060333
0.4227353028544723
0.4263999085991263
0.43009061958837275
0.43380762178595295
0.43755110248034285
0.4413212502941893
0.4451182551938146
0.4489423084987882
0.45279360289156684
0.4566723324272028
0.4605786925431226
0.46451288006897323
0.4684750932365411
0.47246553168973965
0.47648439649466884
0.48053189014974623
0.48460821659591075
0.48871358122689795
0.4928481908995896
0.49701225394443654
0.5012059801759559
0.505429580903302
0.5096832689409163
0.5139672586192467
0.5182817657955501
0.5226270078647672
0.5270032037704768
0.5314105740159285
0.5358493406751508
0.5403197274041438
0.5448219594521462
0.5493562636729865
0.5539228685365121
0.5585220041401027
0.5631539022202625
0.5678187961642982
0.5725169210220782
0.5772485135178751
0.5820138120622955
0.5868130567642909
0.5916464894432567
0.596514353641217
0.6014168946350964
0.6063543594490772
0.6113269968670476
0.6163350574451372
0.6213787935243402
0.6264584592432321
0.6315743105507736
0.636726605219208
0.6419156028570481
0.6471415649221595
0.6524047547349323
0.6577054374915499
0.6630438802773522
0.668420352080292
0.6738351238044893
0.6792884682838811
0.6847806602959681
0.6903119765756609
0.6958826958292232
0.7014930987483157
0.7071434680241377
0.7128340883616731
0.718565246494034
0.7243372311969098
0.7301503333031167
0.7360048457172521
0.7419010634304535
0.7478392835352623
0.7538198052405927
0.7598429298868081
0.765908960960906
0.772018204111808
0.7781709671657613
0.7843675601418489
0.7906082952676121
0.7968934869947792
0.8032234520151138
0.8095985092763691
0.8160189799983595
0.822485187689147
0.8289974581613397
0.8355561195485106
0.8421615023217297
0.8488139393062162
0.8555137656981089
0.8622613190813544
0.8690569394447183
0.8759009691989152
0.8827937531938628
0.8897356387360569
0.8967269756060712
0.9037681160761826
0.9108594149281197
0.9180012294709405
0.9251939195590353
0.9324378476102593
0.939733378624193
0.9470808802005335
0.954480722557618
0.9619332785510764
0.9694389236926186
0.9769980361689565
0.9846109968608585
0.992278189362342
1.0
1.007721810637658
1.0153890031391415
1.0230019638310435
1.0305610763073814
1.0380667214489236
1.045519277442382
1.0529191197994665
1.060266621375807
1.0675621523897407
1.0748060804409647
1.0819987705290595
1.0891405850718803
1.0962318839238174
1.1032730243939288
1.1102643612639431
1.1172062468061372
1.1240990308010848
1.1309430605552817
1.1377386809186456
1.1444862343018911
1.1511860606937838
1.1578384976782703
1.1644438804514894
1.1710025418386603
1.177514812310853
1.1839810200016405
1.1904014907236309
1.1967765479848862
1.2031065130052208
1.2093917047323879
1.215632439858151
1.2218290328342387
1.227981795888192
1.234091039039094
1.2401570701131919
1.2461801947594073
1.2521607164647377
1.2580989365695465
1.263995154282748
1.2698496666968833
1.2756627688030902
1.281434753505966
1.287165911638327
1.2928565319758623
1.2985069012516843
1.3041173041707768
1.309688023424339
1.315219339704032
1.3207115317161189
1.3261648761955107
1.331579647919708
1.3369561197226478
1.3422945625084501
1.3475952452650677
1.3528584350778405
1.358084397142952
1.363273394780792
1.3684256894492264
1.373541540756768
1.3786212064756598
1.3836649425548628
1.3886730031329524
1.3936456405509228
1.3985831053649036
1.403485646358783
1.4083535105567433
1.4131869432357091
1.4179861879377045
1.422751486482125
1.4274830789779218
1.4321812038357018
1.4368460977797375
1.4414779958598973
1.446077131463488
1.4506437363270135
1.4551780405478538
1.4596802725958562
1.4641506593248492
1.4685894259840715
1.4729967962295232
1.4773729921352328
1.48171823420445
1.4860327413807533
1.4903167310590837
1.494570419096698
1.4987940198240441
1.5029877460555634
1.5071518091004104
1.511286418773102
1.5153917834040893
1.5194681098502538
1.5235156035053312
1.5275344683102603
1.5315249067634589
1.5354871199310267
1.5394213074568774
1.5433276675727972
1.547206397108433
1.5510576915012118
1.5548817448061854
1.5586787497058108
1.562448897519657
1.566192378214047
1.5699093804116273
1.5736000914008736
1.5772646971455277
1.5809033822939667
1.5845163301885075
1.588103722874645
1.5916657411102246
1.5952025643745498
1.5987143708774258
1.6022013375681396
1.6056636401443747
1.6091014530610646
1.6125149495391837
1.6159043015744743
1.6192696799461135
1.622611254225318
1.6259291927838886
1.6292236628026937
1.6324948302800932
1.6357428600403021
1.6389679157416972
1.6421701598850604
1.6453497538217696
1.6485068577619268
1.6516416307824318
1.654754230834996
1.6578448147541034
1.6609135382649112
1.6639605559910962
1.6669860214626477
1.6699900871236015
1.6729729043397221
1.6759346234061288
1.6788753935548697
1.6817953629624398
1.6846946787572485
1.6875734870270316
1.6904319328262132
1.693270160183214
1.696088312107709
1.698886530597833
1.7016649566473345
1.7044237302526826
1.7071629904201175
1.709882875172658
1.7125835215570535
1.7152650656506903
1.7179276425684487
1.7205713864695102
1.7231964305641174
1.7258029071202872
1.7283909474704733
1.7309606820181855
1.7335122402445604
1.7360457507148834
1.7385613410850689
1.7410591381080922
1.743539267640375
1.746001854648128
1.7484470232136473
1.7508748965415664
1.7532855969650645
1.7556792459520296
1.75805596411118
1.7604158711981404
1.762759086121477
1.7650857269486888
1.767395910912155
1.7696897544150447
1.7719673730371799
1.7742288815408604
1.7764743938766459
1.7787040231890974
1.7809178818224787
1.783116081326417
1.7852987324615235
1.7874659452049735
1.7896178287560496
1.791754491541642
1.793876041221713
1.7959825846947213
1.7980742281030082
1.8001510768381463
1.8022132355462488
1.8042608081332436
1.8062938977701075
1.808312606898066
1.8103170372337538
1.8123072897743409
1.814283464802621
1.8162456618920646
1.8181939799118365
1.820128517031777
1.8220493707273482
1.8239566377845469
1.8258504143047793
1.8277307957097055
1.8295978767460455
1.8314517514903539
1.8332925133537608
1.8351202550866779
1.8369350687834716
1.8387498824802653
1.8405646961770592
1.8423795098738527
1.8441943235706466
1.8460091372674403
1.847823950964234
1.8496387646610277
1.8514535783578214
1.8532683920546154
1.855083205751409
1.8568980194482028
1.8587128331449965
1.8605276468417902
1.862342460538584
1.8641572742353778
1.8659720879321715
1.8677869016289652
1.869601715325759
1.8714165290225528
1.8732313427193465
1.8750461564161403
1.876860970112934
1.8786757838097277
1.8804905975065216
1.8823054112033153
1.884120224900109
1.8859350385969027
1.8877498522936964
1.8895646659904903
1.8913794796872838
1.8931942933840777
1.8950091070808714
1.8968239207776652
1.898638734474459
1.9004535481712526
1.9022683618680465
1.9040831755648402
1.905897989261634
1.9077128029584278
1.9095276166552213
1.9113424303520152
1.913157244048809
1.9149720577456026
1.9167868714423963
1.91860168513919
1.920416498835984
1.9222313125327777
1.9240461262295714
1.925860939926365
1.9276757536231588
1.9294905673199527
1.9313053810167464
1.9331201947135401
1.9349350084103338
1.9367498221071275
1.9385646358039215
1.9403794495007152
1.9421942631975089
1.9440090768943026
1.9458238905910963
1.9476387042878902
1.949453517984684
1.9512683316814776
1.9530831453782713
1.954897959075065
1.956712772771859
1.9585275864686527
1.9603424001654464
1.96215721386224
1.9639720275590338
1.9657868412558277
1.9676016549526214
1.969416468649415
1.9712312823462088
1.9730460960430025
1.9748609097397962
1.9766757234365901
1.9784905371333839
1.9803053508301776
1.9821201645269713
1.983934978223765
1.9857497919205587
1.9875646056173526
1.9893794193141463
1.99119423301094
1.9930090467077337
1.9948238604045274
1.9966386741013213
1.998453487798115
2.0002683014949088
2.0020831151917027
2.003897928888496
2.00571274258529
2.0075275562820836
2.0093423699788775
2.0111571836756714
2.012971997372465
2.014786811069259
2.0166016247660523
2.0184164384628462
2.02023125215964
2.0220460658564336
2.0238608795532276
2.025675693250021
2.027490506946815
2.029305320643609
2.0311201343404024
2.0329349480371963
2.03474976173399
2.0365645754307837
2.0383793891275777
2.040194202824371
2.042009016521165
2.0438238302179585
2.0456386439147525
2.047453457611546
2.04926827130834
2.051083085005134
2.0528978987019273
2.054712712398721
2.056527526095515
2.0583423397923086
2.0601571534891026
2.061971967185896
2.06378678088269
2.0656015945794834
2.0674164082762774
2.0692312219730713
2.071046035669865
2.0728608493666587
2.074675663063452
2.076490476760246
2.07830529045704
2.0801201041538335
2.0819349178506275
2.083749731547421
2.085564545244215
2.087379358941009
2.0891941726378023
2.091008986334596
2.0928238000313897
2.0946386137281836
2.0964534274249775
2.098268241121771
2.100083054818565
2.1018978685153584
2.1037126822121524
2.1055274959089463
2.1073423096057398
2.1091571233025337
2.110971936999327
2.112786750696121
2.114601564392915
2.1164163780897085
2.1182311917865024
2.120046005483296
2.12186081918009
2.1236756328768838
2.1254904465736773
2.127305260270471
2.1291200739672647
2.1309348876640586
2.1327497013608525
2.134564515057646
2.13637932875444
2.1381941424512334
2.1400089561480273
2.141823769844821
2.1436385835416147
2.1454533972384087
2.147268210935202
2.149083024631996
2.1508978383287896
2.1527126520255835
2.1545274657223774
2.156342279419171
2.158157093115965
2.1599719068127583
2.1617867205095522
2.163601534206346