-0.163601534206346
-0.160000000000000     
-0.156398465793654     
-0.152796931587309     
-0.149195397380963     
-0.145593863174617     
-0.141992328968271     
-0.138390794761926     
-0.134789260555580     
-0.131187726349234     
-0.127586192142889     
-0.123984657936543     
-0.120383123730197     
-0.116781589523851     
-0.113180055317506     
-0.109578521111160     
-0.105976986904814     
-0.102375452698469     
-9.877391849212286E-002
-9.517238428577714E-002
-9.157085007943143E-002
-8.796931587308572E-002
-8.436778166674000E-002
-8.076624746039428E-002
-7.716471325404857E-002
-7.356317904770286E-002
-6.996164484135714E-002
-6.636011063501143E-002
-6.275857642866571E-002
-5.915704222232000E-002
-5.555550801597429E-002
-5.195397380962857E-002
-4.835243960328287E-002
-4.475090539693714E-002
-4.114937119059144E-002
-3.754783698424573E-002
-3.394630277790001E-002
-3.034476857155430E-002
-2.674323436520859E-002
-2.314170015886288E-002
-1.954016595251715E-002
-1.593863174617144E-002
-1.233709753982573E-002
-8.735563333480023E-003
-5.134029127134315E-003
-1.532494920788580E-003
 2.069039285557128E-003
 5.742604176029759E-003
 9.489640364311824E-003
 1.331161727635957E-002
 1.721003372664826E-002
 2.118641850594269E-002
 2.524233098082304E-002
 2.937936170520097E-002
 3.359913304406648E-002
 3.790329980970930E-002
 4.229354991066495E-002
 4.677160501363972E-002
 5.133922121867399E-002
 5.599818974780896E-002
 6.075033764752658E-002
 6.559752850523859E-002
 7.054166318010480E-002
 7.558468054846837E-002
 8.072855826419920E-002
 8.597531353424465E-002
 9.132700390969103E-002
 9.678572809264632E-002
 0.102353626759261     
 0.108032883399207     
 0.113825725171953     
 0.119734423780154     
 0.125761296360518     
 0.131908706392490     
 0.138179064625101     
 0.144574830022365     
 0.151098510727573     
 0.157752665046886     
 0.164539902452585     
 0.171462884606398     
 0.178524326403288     
 0.185726997036115     
 0.193073721081599     
 0.200567379607992     
 0.208210911304913     
 0.216007313635773     
 0.223959644013250     
 0.232071020998276     
 0.240344625523003     
 0.248783702138224     
 0.257391560285750     
 0.266171575596227     
 0.275127191212913     
 0.284261919141932     
 0.293579341629532     
 0.303083112566884     
 0.312776958922983     
 0.322664682206204     
 0.332750159955090     
 0.343037347258953     
 0.353530278308893     
 0.364233067979833     
 0.375149913444191     
 0.386285095817836     
 0.397642981838955     
 0.409228025580495     
 0.421044770196867     
 0.433097849705565     
 0.445391990804438     
 0.457932014725289     
 0.470722839124556     
 0.483769480011809     
 0.497077053716806     
 0.510650778895904     
 0.524495978578584     
 0.538618082254917     
 0.553022628004777     
 0.567715264669634     
 0.582701754067788     
 0.597987973253905     
 0.613579916823745     
 0.629483699264981     
 0.645705557355042     
 0.662251852606904     
 0.679129073763804     
 0.696343839343842     
 0.713902900235480     
 0.731813142344951     
 0.750081589296612     
 0.768715405187305     
 0.787721897395813     
 0.807108519448491     
 0.826882873942222     
 0.847052715525828     
 0.867625953941106     
 0.888610657124690     
 0.910015054371945     
 0.931847539564146     
 0.954116674460190     
 0.976831192054155     
 1.00000000000000     
 1.02316880794584     
 1.04588332553981     
 1.06815246043585     
 1.08998494562805     
 1.11138934287531     
 1.13237404605889     
 1.15294728447417     
 1.17311712605778     
 1.19289148055151     
 1.21227810260419     
 1.23128459481269     
 1.24991841070339     
 1.26818685765505     
 1.28609709976452     
 1.30365616065616     
 1.32087092623620     
 1.33774814739310     
 1.35429444264496     
 1.37051630073502     
 1.38642008317625     
 1.40201202674609     
 1.41729824593221     
 1.43228473533037     
 1.44697737199522     
 1.46138191774508     
 1.47550402142142     
 1.48934922110410     
 1.50292294628319     
 1.51623051998819     
 1.52927716087544     
 1.54206798527471     
 1.55460800919556     
 1.56690215029443     
 1.57895522980313     
 1.59077197441950     
 1.60235701816105     
 1.61371490418216     
 1.62485008655581     
 1.63576693202017     
 1.64646972169111     
 1.65696265274105     
 1.66724984004491     
 1.67733531779380     
 1.68722304107702     
 1.69691688743312     
 1.70642065837047     
 1.71573808085807     
 1.72487280878709     
 1.73382842440377     
 1.74260843971425     
 1.75121629786178     
 1.75965537447700     
 1.76792897900172     
 1.77604035598675     
 1.78399268636423     
 1.79178908869509     
 1.79943262039201     
 1.80692627891840     
 1.81427300296389     
 1.82147567359671     
 1.82853711539360     
 1.83546009754741     
 1.84224733495311     
 1.84890148927243     
 1.85542516997764     
 1.86182093537490     
 1.86809129360751     
 1.87423870363948     
 1.88026557621985     
 1.88617427482805     
 1.89196711660079     
 1.89764637324074     
 1.90321427190735     
 1.90867299609031     
 1.91402468646576     
 1.91927144173580     
 1.92441531945153     
 1.92945833681990     
 1.93440247149476     
 1.93924966235247     
 1.94400181025219     
 1.94866077878133     
 1.95322839498636     
 1.95770645008933     
 1.96209670019029     
 1.96640086695593     
 1.97062063829480     
 1.97475766901918     
 1.97881358149406     
 1.98278996627335     
 1.98668838272364     
 1.99051035963569     
 1.99425739582397     
 1.99793096071444     
 2.00153249492079     
 2.00513402912713     
 2.00873556333348     
 2.01233709753983     
 2.01593863174617     
 2.01954016595252     
 2.02314170015886     
 2.02674323436521     
 2.03034476857155     
 2.03394630277790     
 2.03754783698425     
 2.04114937119059     
 2.04475090539694     
 2.04835243960328     
 2.05195397380963     
 2.05555550801597     
 2.05915704222232     
 2.06275857642867     
 2.06636011063501     
 2.06996164484136     
 2.07356317904770     
 2.07716471325405     
 2.08076624746039     
 2.08436778166674     
 2.08796931587309     
 2.09157085007943     
 2.09517238428578     
 2.09877391849212     
 2.10237545269847     
 2.10597698690481     
 2.10957852111116     
 2.11318005531751     
 2.11678158952385     
 2.12038312373020     
 2.12398465793654     
 2.12758619214289     
 2.13118772634923     
 2.13478926055558     
 2.13839079476193     
 2.14199232896827     
 2.14559386317462     
 2.14919539738096     
 2.15279693158731     
 2.15639846579365     
 2.16000000000000     
 2.163601534206346     