297.92042846778867
298.2578781122516
298.5962802097362
298.92105721990004
299.215209410098
299.583249887451
299.87200742325723
300.22923120591275
300.4246475190935
300.7232664628513
301.0862484679685
301.36185770870793
301.58045580719033
301.8789079805703
302.09306201987016
302.31432453251426
302.5664383387044
302.72821571093965
302.88894608727617
303.0452522963014
303.20460038823506
303.36561665837274
303.49217928918335
303.6299547584954
303.76846876037337
303.856035480711
303.97879018818406
304.0714698815035
304.14026831207303
304.20117803660094
304.3242075275892
304.41300425733215
304.46855465548595
304.5328197753143
304.59516988024245
304.65521293291636
304.7054555378743
304.7493579131074
304.74938287169726
304.7787714131856
304.8264441897082
304.8798422521205
304.92259282570683
304.9225942638162
304.94037035981
304.9912227227468
305.0408793690262
305.0891895613345
305.10775221678057
305.1077534022251
305.13798065462015
305.1804507119311
305.20331740255943
305.2033175519588
305.2256303564736
305.2623874266641
305.28693516116937
305.2869361949392
305.2869361949392
305.28693619493913
305.28694947351437
305.32159270907493
305.36453485695466
305.3825013892278
305.3825013920112
305.38250139201114
305.3825013920112
305.38250193649174
305.40979985317716
305.44961581479924
305.4720942237668
305.47209414652684
305.47209414652684
305.47209414652684
305.4720941464937
305.4778663208313
305.51203682558685
305.5462185000351
305.56168688798095
305.56168690104255
305.5616869010425
305.5616869010426
305.56168690104255
305.5616869010426
305.56168690104244
305.5616869010426
305.56164955913454
305.588424639767
305.6183683196644
305.6483087117056
305.65127812650775
305.6512781265152
305.65127812651514
305.6512781265152
305.65127812651514
305.6512781265151
305.6512781265152
305.65127812651514
305.6512781479702
305.6662641858759
305.69596295265166
305.72566171483913
305.74087087603147
305.7408708810308
305.74087088103084
305.74087088103084
305.7408708810308
305.74087088103084
305.74087088103084
305.7408708810308
305.74087088103084
305.74087088103096
305.7408708810309
305.7408708810309
305.7408708810309
305.7408708810308
305.7408708810308
305.7408708810309
305.74087088133103
305.75173495376777
305.77953063475366
305.8075559531103
305.8356861314684
305.8364360781026
305.83643607810285
305.8364360781028
305.8364360781028
305.8364360781028
305.8364360781028
305.83643607810274
305.8364360781028
305.83643607810274
305.8364360781028
305.8364360781028
305.8364360781028
305.8364360781028
305.83643607810274
305.8364360781028
305.8364360781028
305.8367571296438
305.86441381190934
305.89233376000874
305.92044390013695
305.9260288326185
305.9260288326185
305.92602883261844
305.92602883261844
305.9260288326184
305.92602883261844
305.92602883261844
305.92602883261833
305.92602883261833
305.92602883261844
305.92602883261844
305.92602883261844
305.92602883261844
305.92602883261844
305.92602883261844
305.9260288326186
305.93285049566896
305.95994035327146
305.9872339938694
306.0146915960387
306.0156215871342
306.01562158713426
306.01562158713415
306.0156215871343
306.01562158713415
306.01562158713426
306.01562158713426
306.0156215871342
306.0156215871342
306.0156215871342
306.0156215871342
306.0156215871342
306.0156215871342
306.01562158713426
306.0156215871342
306.0156215871342
306.0156215871342
306.0156215871342
306.015621572106
306.0356535971715
306.0635313571822
306.0916355591772
306.1052128126064
306.1052128126067
306.10521281260674
306.1052128126067
306.1052128126068
306.1052128126068
306.1052128126067
306.10521281260674
306.10521281260674
306.10521281260674
306.1052128126068
306.10521281260674
306.10521281260674
306.10521281260674
306.10521281260674
306.10521281260674
306.10521281260674
306.10521281260674
306.1052128126067
306.10521281260674
306.10521281260674
306.11323191691906
306.14266799473205
306.17231022266236
306.19480555895126
306.1948055671225
306.1948055671225
306.19480556712244
306.1948055671225
306.19480556712256
306.1948055671225
306.1948055671225
306.19480556712244
306.1948055671225
306.19480556712244
306.1948055671225
306.1948055671225
306.1948055671225
306.1948055671225
306.1948055671225
306.19480556712244
306.1948055671225
306.19480556712244
306.19480556712244
306.1987177232915
306.2338814720679
306.2693123860999
306.29037076419445
306.2903707641944
306.2903707641944
306.2903707641944
306.2903707641944
306.2903707641944
306.29037076419434
306.2903707641944
306.29037076419445
306.2903707641944
306.2903707641944
306.29037076419445
306.2903707641944
306.2903707641944
306.2903707641944
306.29037076419434
306.30031782585377
306.33614152901214
306.37226123207074
306.3799635187102
306.3799635187102
306.3799635187101
306.37996351871016
306.3799635187102
306.3799635187101
306.3799635187101
306.37996351871016
306.3799635187102
306.3799635187101
306.3799635187101
306.37996351871016
306.3799635187101
306.3799635187101
306.3799635128292
306.41381555066
306.4507636442859
306.46955627322586
306.46955627322586
306.46955627322586
306.4695562732258
306.4695562732258
306.46955627322586
306.46955627322586
306.4695562732258
306.46955627322586
306.46955627322586
306.46955627322586
306.4695562732258
306.46955627322586
306.4695557223953
306.50772036604013
306.54942196859815
306.55914749869845
306.5591474986985
306.5591474986985
306.5591474986984
306.55914749869845
306.55914749869845
306.5591474986985
306.55914749869845
306.55914749869845
306.55914749869845
306.5671011384079
306.61085454804635
306.65423159873166
306.65471269577034
306.6547126957703
306.65471269577034
306.65471269577034
306.65471269577034
306.65471269577034
306.6547126957703
306.6547126957703
306.65471269577034
306.6547126957703
306.6547126957703
306.6777050209152
306.71465311454125
306.74430545029253
306.744305450286
306.74430545028605
306.74430545028605
306.7443054502861
306.744305450286
306.74430545028605
306.7443054502861
306.74430545028605
306.7443054502861
306.744305450286
306.74430545028605
306.74430520439716
306.7741489029439
306.80662340030256
306.82792576224637
306.8279257622455
306.82792576224557
306.8279257622455
306.82792576224557
306.8279257622455
306.82792576224557
306.82792576224557
306.8279257622455
306.8279257622455
306.827917940331
306.86254850862264
306.8981738045138
306.92349095926994
306.92349095931746
306.92349095931746
306.92349095931746
306.9234909593175
306.9234909593175
306.92349095931746
306.9234909593175
306.92349095931746
306.9234909593174
306.9234909593175
306.92349095931746
306.92349095931746
306.9234909593175
306.9234909593174
306.9234909593175
306.9234909593172
306.9408475308181
306.97145085624925
307.00185547369074
307.01308218479005
307.0130821847901
307.01308218479005
307.01308218479005
307.01308218479005
307.01308218479005
307.01308218479016
307.01308218479005
307.0130821847901
307.01308218479005
307.01308218479005
307.01308218479
307.0130821847901
307.0130821847901
307.0130821847901
307.0130821847901
307.01308218479005
307.01308218479005
307.01308218479016
307.01308218479016
307.0130274735153
307.04274240459887
307.0734710129731
307.10396952897236
307.10864738186206
307.108647381862
307.108647381862
307.108647381862
307.108647381862
307.10864738186194
307.10864738186206
307.108647381862
307.108647381862
307.10864738186194
307.108647381862
307.10864738186206
307.108647381862
307.108647381862
307.108647381862
307.10864738186206
307.108647381862
307.1086473818619
307.108647381862
307.10864738186206
307.1086473818619
307.108647381862
307.108647381862
307.108647381862
307.10864769956385
307.1291569774035
307.1542148232359
307.17906730121035
307.1922676937205
307.19226769382146
307.1922676938215
307.19226769382146
307.19226769382146
307.19226769382146
307.1922676938214
307.19226769382146
307.1922676938215
307.19226769382146
307.19226769382146
307.19226769382146
307.1922676938215
307.19226769382146
307.19226769382146
307.19226769382146
307.19226769382146
307.19226769382146
307.1922676938215
307.1922676938215
307.1922676938215
307.19226769382146
307.1922676938214
307.19226769382146
307.19226769382146
307.19226769382146
307.19226769382146
307.1922676938215
307.1922676938214
307.19226769382146
307.1922676938215
307.19226769382146
307.19226769194046
307.20961825640927
307.2374538827585
307.2650768182622
307.28783225864686
307.2878328908934
307.2878328908934
307.2878328908934
307.2878328908934
307.2878328908934
307.28783289089336
307.2878328908934
307.2878328908935
307.28783289089347
307.28783289089347
307.2878328908934
307.2878328908934
307.28783289089347
307.2878328908934
307.2878328908934
307.2878328908934
307.28783289089347
307.2878328908934
307.2878328908934
307.28783289089336
307.28783289089347
307.2878328908934
307.2878328908934
307.28783289089336
307.28783289089336
307.28783289089336
307.2878328908934
307.28783289089336
307.28783289089336
307.2878519519816
307.3107440487394
307.3371911062741
307.36363816386444
307.37742564059073
307.3774256454092
307.3774256454092
307.3774256454092
307.3774256454092
307.3774256454091
307.37742564540923
307.3774256454092
307.3774256454092
307.3774256454092
307.3774256454092
307.37742564540923
307.3774256454092
307.3774256454092
307.3774256454092
307.3774256454092
307.377425645409
307.377465976278
307.3774248808875
307.3774248808876
307.3842772475236
307.41813921625885
307.45200118499395
307.46701732959457
307.46701732959457
307.4670173295946
307.4670173295946
307.4670173295946
307.4670173295946
307.4670173295946
307.46701732959457
307.4670173295946
307.4670173295947
307.4984438217568
307.5382595831064
307.5566096253974
307.5566096253974
307.5566096253974
307.5566096253974
307.5571749952361
307.5974332612204
307.6376914838433
307.6462023799131
307.6462023799131
307.6462023799132
307.64620237991306
307.6792864354984
307.7294782373407
307.74176757698507
307.7417675769851
307.74176757698507
307.7427858461406
307.7904596100475
307.8313603315008
307.8313603315008
307.86358623624426
307.9144385833321
307.9687497674813
308.01054431148907
308.0105443114891
308.0334260925662
308.09186565174974
308.15543316010235
308.21760703208355
308.27604634996874
308.33529137435045
308.3953594328945
308.4567703016881
308.5363866529088
308.5995324420768
308.6775990745589
308.8361649728981
308.91668175403476
309.03465326980773
309.17582810463756
309.33786012074603
309.4944267794003
309.6670261609759
309.9085747959546
310.0703796867481
310.3864058958613
310.63869074218485
310.95236191101617
311.30690054220366
311.62196312029084
312.00162579636134
312.49748658069564
312.8623463872461
313.2603536119787
313.7590226708787
314.2504990257412
314.89867936524684
315.3898277574491
315.88097614965136
316.4465867218276
317.31690475034685
