-1.0037609960324005e-05
-9.05811334116271e-06
-8.078616722001416e-06
-7.09912010284012e-06
-6.119623483678826e-06
-5.140126864517531e-06
-4.160630245356236e-06
-3.181133626194942e-06
-2.2016370070336474e-06
-1.2221403878723527e-06
-2.426437687110586e-07
7.368528504502361e-07
1.7163494696115317e-06
2.6958460887728252e-06
3.6753427079341196e-06
4.654839327095413e-06
5.634335946256709e-06
6.6138325654180035e-06
7.593329184579296e-06
8.572825803740592e-06
9.552322422901882e-06
1.0531819042063178e-05
1.1511315661224477e-05
1.249081228038577e-05
1.3470308899547066e-05
1.4449805518708356e-05
1.542930213786965e-05
1.640879875703095e-05
1.738829537619225e-05
1.8367791995353542e-05
1.934728861451483e-05
2.0326785233676128e-05
2.130628185283742e-05
2.2285778471998714e-05
2.326527509116001e-05
2.42447717103213e-05
2.5224268329482597e-05
2.6203764948643893e-05
2.718326156780519e-05
2.8162758186966483e-05
2.9142254806127766e-05
3.0121751425289066e-05
3.1101248044450355e-05
3.2080744663611655e-05
3.3060241282772955e-05
3.403973790193424e-05
3.501923452109554e-05
3.5998731140256834e-05
3.697822775941814e-05
3.795772437857943e-05
3.893722099774072e-05
3.991671761690202e-05
4.089621423606331e-05
4.1875710855224607e-05
4.2855207474385886e-05
4.383470409354718e-05
4.4814200712708486e-05
4.579369733186978e-05
4.677319395103108e-05
4.775269057019236e-05
4.873218718935366e-05
4.971168380851496e-05
5.0691180427676244e-05
5.1670677046837544e-05
5.265017366599884e-05
5.362967028516013e-05
5.460916690432143e-05
5.558866352348273e-05
5.6568160142644016e-05
5.75476567618053e-05
5.8527153380966596e-05
5.9506650000127896e-05
6.048614661928919e-05
6.146564323845048e-05
6.244513985761178e-05
6.342463647677308e-05
6.440413309593438e-05
6.538362971509567e-05
6.636312633425697e-05
6.734262295341825e-05
6.832211957257954e-05
6.930161619174083e-05
7.028111281090215e-05
7.126060943006344e-05
7.224010604922473e-05
7.321960266838601e-05
7.419909928754731e-05
7.517859590670863e-05
7.615809252586993e-05
7.71375891450312e-05
7.81170857641925e-05
7.90965823833538e-05
8.007607900251508e-05
8.105557562167636e-05
8.203507224083767e-05
8.301456885999897e-05
8.399406547916027e-05
8.497356209832156e-05
8.595305871748284e-05
8.693255533664414e-05
8.791205195580544e-05
8.889154857496674e-05
8.987104519412804e-05
9.085054181328932e-05
9.18300384324506e-05
9.28095350516119e-05
9.37890316707732e-05
9.476852828993449e-05
9.574802490909579e-05
9.672752152825709e-05
9.770701814741837e-05
9.868651476657967e-05
9.966601138574097e-05
0.00010064550800490226
0.00010162500462406356
0.00010260450124322486
0.00010358399786238615
0.00010456349448154743
0.00010554299110070873
0.00010652248771987003
0.00010750198433903132
0.00010848148095819262
0.0001094609775773539
0.00011044213300657087
0.00011142789132650524
0.00011242119518018335
0.00011342265590214556
0.00011443035508728899
0.00011544444850172388
0.00011646586856301793
0.00011749602742746346
0.00011853260418596461
0.00011957569869751527
0.0001206261744093587
0.00012168594558533566
0.00012275255376883835
0.00012382579706148999
0.0001249068783732188
0.00012599688995553902
0.00012709406797935355
0.00012819807196127417
0.00012931018038756027
0.0001304311059845892
0.00013155972870147503
0.00013269537371488567
0.00013383923719315717
0.00013499211083126012
0.0001361530780915452
0.00013732126963415404
0.00013849762688747833
0.00013968352176303857
0.0001408777591277132
0.0001420794285703542
0.00014328902894601808
0.0001445090589979885
0.00014573751847210661
0.0001469736237968158
0.00014821778952716163
0.00014947336488419904
0.0001507373737386521
0.00015200929568610487
0.00015328912214640256
0.00015458031221388666
0.00015588059238328452
0.000157188968304391
0.0001585057841582717
0.0001598333327772438
0.0001611708773075586
0.00016251675044358577
0.00016387143302978838
0.0001652365492054972
0.00016661242444962278
0.00016799686785087445
0.00016939030798125945
0.0001707942463953259
0.00017220954917288736
0.00017363366654905932
0.00017506676834584626
0.00017651083118976283
0.00017796700908337136
0.00017943238648114075
0.00018090687676811852
0.00018239294652341065
0.00018389058124880744
0.00018539795759214286
0.0001869147089473144
0.00018844323046380987
0.00018998353777523262
0.00019153411500058426
0.00019309433690008524
0.00019466629872612632
0.00019625071148763606
0.00019784572587510253
0.00019945066235562176
0.00020106706731400068
0.00020269707276723655
0.00020433779592027724
0.00020598872656501106
0.00020765059150869723
0.00020932773345639578
0.00021101547330944326
0.0002127139371783039
0.00021442371942451797
0.00021614923946133938
0.0002178858804829282
0.00021963332964441756
0.00022139254790870647
0.00022316664427772477
0.00022495305734448998
0.0002267505894250966
0.00022856041727786517
0.0002303847045534066
0.0002322223140032193
0.00023407136228240056
0.0002359329913736441
0.00023780914510400722
0.0002396994159715081
0.00024160145468271293
0.00024351609452831664
0.00024544585368265853
0.00024739029286014895
0.0002493468383591099
0.00025131571609057285
0.00025330099020472093
0.00025530174504883636
0.0002573149774584336
0.0002593407258165584
0.00026138344498331117
0.0002634411913451999
0.00026551212477060734
0.00026759593415815114
0.0002696967334380329
0.0002718133842154068
0.0002739436699639579
0.00027608720204388266
0.00027824742364061447
0.0002804249643017007
0.0002826163008647524
0.0002848214037086097
0.00028704258373520464
0.0002892827612579765
0.00029153689565692515
0.00029380523833273366
0.00029608942824750075
0.0002983937991153929
0.00030071252828602204
0.0003030462924316223
0.0003053967604986611
0.0003077673841247232
0.0003101532983861381
0.0003125540569407004
0.00031497217214211567
0.00031740984489973193
0.0003198641394463113
0.00032233370525823387
0.0003248210618708215
0.0003273280211450401
0.00032985265283684323
0.0003323929950473239
0.00033495121133374537
0.0003375297791638651
0.0003401267607734392
0.0003427399047894631
0.00034537062266927693
0.00034802320914676884
0.000350694610954085
0.00035338264005352717
0.00035608752472260233
0.00035881715886017923
0.0003615659088261108
0.0003643318197209064
0.00036711492042684486
0.0003699227242190011
0.0003727501353223391
0.0003755953197814329
0.00037845837385774796
0.0003813455580350394
0.00038425417267318716
0.0003871808993814617
0.00039012651429138517
0.00039309517613652647
0.0003960871455875957
0.00039909774805506256
0.0004021278747962005
0.0004051807290245348
0.0004082584384893758
0.00041135531690045105
0.0004144719360647956
0.0004176118000651339
0.0004207777028899186
0.00042396360508111815
0.00042717001934035895
0.0004304011651976559
0.00043365815423917445
0.0004369360826055226
0.00044023439864901
0.0004435581066378867
0.0004469076437129963
0.00045027951762294195
0.00045367236563783426
0.00045709080116281074
0.0004605359866019371
0.00046400449453282323
0.0004674945798644175
0.00047100994010717607
0.00047455399176328907
0.0004781218990094986
0.0004817120043053956
0.0004853265177240781
0.0004889727756909015
0.0004926417311768226
0.0004963208655884113
0.0005
0.0005036791344115887
0.0005073582688231775
0.0005110272243090985
0.0005146734822759218
0.0005182879956946043
0.0005218781009905012
0.000525446008236711
0.0005289900598928239
0.0005325054201355824
0.0005359955054671767
0.0005394640133980628
0.0005429091988371892
0.0005463276343621659
0.0005497204823770581
0.0005530923562870038
0.0005564418933621134
0.0005597656013509901
0.0005630639173944774
0.0005663418457608256
0.000569598834802344
0.0005728299806596412
0.0005760363949188818
0.0005792222971100813
0.000582388199934866
0.0005855280639352044
0.0005886446830995489
0.0005917415615106241
0.0005948192709754652
0.0005978721252037994
0.0006009022519449374
0.0006039128544124043
0.0006069048238634733
0.0006098734857086149
0.0006128191006185384
0.000615745827326813
0.0006186544419649607
0.0006215416261422521
0.0006244046802185671
0.000627249864677661
0.000630077275780999
0.0006328850795731552
0.0006356681802790935
0.0006384340911738891
0.0006411828411398208
0.0006439124752773976
0.0006466173599464727
0.0006493053890459149
0.0006519767908532312
0.0006546293773307231
0.0006572600952105369
0.0006598732392265607
0.0006624702208361348
0.0006650487886662547
0.0006676070049526763
0.0006701473471631568
0.00067267197885496
0.0006751789381291785
0.0006776662947417662
0.0006801358605536888
0.0006825901551002681
0.0006850278278578842
0.0006874459430592996
0.000689846701613862
0.0006922326158752768
0.0006946032395013388
0.0006969537075683775
0.000699287471713978
0.000701606200884607
0.0007039105717524992
0.0007061947616672663
0.0007084631043430748
0.0007107172387420236
0.0007129574162647954
0.0007151785962913903
0.0007173836991352477
0.0007195750356982994
0.0007217525763593857
0.0007239127979561174
0.000726056330036042
0.0007281866157845933
0.0007303032665619672
0.0007324040658418489
0.0007344878752293926
0.0007365588086548001
0.0007386165550166888
0.0007406592741834416
0.0007426850225415664
0.0007446982549511636
0.000746699009795279
0.0007486842839094271
0.00075065316164089
0.0007526097071398511
0.0007545541463173414
0.0007564839054716835
0.0007583985453172872
0.000760300584028492
0.0007621908548959928
0.000764067008626356
0.0007659286377175996
0.0007677776859967807
0.0007696152954465934
0.0007714395827221347
0.0007732494105749033
0.0007750469426555101
0.0007768333557222752
0.0007786074520912935
0.0007803666703555824
0.0007821141195170718
0.0007838507605386606
0.000785576280575482
0.000787286062821696
0.0007889845266905569
0.0007906722665436044
0.0007923494084913029
0.0007940112734349889
0.0007956622040797227
0.0007973029272327635
0.0007989329326859994
0.0008005493376443784
0.0008021542741248975
0.0008037492885123639
0.0008053337012738737
0.0008069056630999147
0.0008084658849994157
0.0008100164622247675
0.0008115567695361903
0.0008130852910526856
0.0008146020424078572
0.0008161094187511926
0.0008176070534765893
0.0008190931232318815
0.0008205676135188593
0.0008220329909166287
0.0008234891688102372
0.0008249332316541538
0.0008263663334509407
0.0008277904508271127
0.0008292057536046742
0.0008306096920187405
0.0008320031321491256
0.0008333875755503773
0.0008347634507945028
0.0008361285669702116
0.0008374832495564142
0.0008388291226924414
0.0008401666672227563
0.0008414942158417283
0.0008428110316956091
0.0008441194076167156
0.0008454196877861134
0.0008467108778535975
0.0008479907043138953
0.0008492626262613479
0.000850526635115801
0.0008517822104728384
0.0008530263762031843
0.0008542624815278934
0.0008554909410020115
0.000856710971053982
0.0008579205714296459
0.0008591222408722868
0.0008603164782369614
0.0008615023731125217
0.0008626787303658459
0.0008638469219084549
0.0008650078891687399
0.0008661607628068428
0.0008673046262851143
0.0008684402712985249
0.0008695688940154108
0.0008706898196124398
0.0008718019280387259
0.0008729059320206465
0.000874003110044461
0.0008750931216267813
0.00087617420293851
0.0008772474462311618
0.0008783140544146643
0.0008793738255906413
0.0008804243013024848
0.0008814673958140354
0.0008825039725725366
0.0008835341314369821
0.0008845555514982761
0.000885569644912711
0.0008865773440978545
0.0008875788048198167
0.0008885721086734948
0.0008895578669934291
0.0008905390224226461
0.0008915185190418075
0.0008924980156609688
0.0008934775122801299
0.0008944570088992913
0.0008954365055184527
0.0008964160021376139
0.0008973954987567752
0.0008983749953759365
0.0008993544919950978
0.000900333988614259
0.0009013134852334203
0.0009022929818525816
0.0009032724784717429
0.0009042519750909043
0.0009052314717100655
0.0009062109683292268
0.0009071904649483882
0.0009081699615675494
0.0009091494581867106
0.000910128954805872
0.0009111084514250333
0.0009120879480441946
0.0009130674446633559
0.0009140469412825172
0.0009150264379016785
0.0009160059345208397
0.000916985431140001
0.0009179649277591623
0.0009189444243783237
0.0009199239209974849
0.0009209034176166463
0.0009218829142358075
0.0009228624108549687
0.0009238419074741301
0.0009248214040932914
0.0009258009007124527
0.000926780397331614
0.0009277598939507753
0.0009287393905699366
0.0009297188871890979
0.0009306983838082592
0.0009316778804274205
0.0009326573770465818
0.0009336368736657431
0.0009346163702849044
0.0009355958669040657
0.000936575363523227
0.0009375548601423883
0.0009385343567615495
0.0009395138533807108
0.0009404933499998721
0.0009414728466190335
0.0009424523432381948
0.0009434318398573559
0.0009444113364765174
0.0009453908330956787
0.0009463703297148398
0.0009473498263340011
0.0009483293229531624
0.0009493088195723238
0.0009502883161914852
0.0009512678128106464
0.0009522473094298077
0.0009532268060489689
0.0009542063026681303
0.0009551857992872915
0.0009561652959064528
0.0009571447925256141
0.0009581242891447755
0.0009591037857639368
0.000960083282383098
0.0009610627790022592
0.0009620422756214205
0.0009630217722405819
0.0009640012688597431
0.0009649807654789045
0.0009659602620980658
0.0009669397587172271
0.0009679192553363883
0.0009688987519555496
0.000969878248574711
0.0009708577451938723
0.0009718372418130336
0.0009728167384321949
0.0009737962350513562
0.0009747757316705175
0.0009757552282896787
0.00097673472490884
0.0009777142215280012
0.0009786937181471627
0.000979673214766324
0.0009806527113854853
0.0009816322080046466
0.0009826117046238079
0.0009835912012429691
0.0009845706978621304
0.0009855501944812915
0.0009865296911004528
0.0009875091877196145
0.0009884886843387756
0.0009894681809579369
0.000990447677577098
0.0009914271741962594
0.0009924066708154207
0.000993386167434582
0.0009943656640537433
0.0009953451606729046
0.0009963246572920659
0.0009973041539112272
0.0009982836505303884
0.0009992631471495497
0.001000242643768711
0.0010012221403878725
0.0010022016370070338
0.0010031811336261953
0.0010041606302453566
0.001005140126864518
0.0010061196234836794
0.0010070991201028409
0.0010080786167220022
0.0010090581133411637
0.001010037609960325